   -1.2200E+05
   -1.2000E+05
   -1.1800E+05
   -1.1600E+05
   -1.1400E+05
   -1.1200E+05
   -1.1000E+05
   -1.0800E+05
   -1.0600E+05
   -1.0400E+05
   -1.0200E+05
   -1.0000E+05
   -9.8000E+04
   -9.6000E+04
   -9.4000E+04
   -9.2000E+04
   -9.0000E+04
   -8.8000E+04
   -8.6000E+04
   -8.4000E+04
   -8.2000E+04
   -8.0000E+04
   -7.8000E+04
   -7.6000E+04
   -7.4000E+04
   -7.2000E+04
   -7.0000E+04
   -6.8000E+04
   -6.6000E+04
   -6.4000E+04
   -6.2000E+04
   -6.0000E+04
   -5.8000E+04
   -5.6000E+04
   -5.4000E+04
   -5.2000E+04
   -5.0000E+04
   -4.8000E+04
   -4.6000E+04
   -4.4000E+04
   -4.2000E+04
   -4.0000E+04
   -3.8000E+04
   -3.6000E+04
   -3.4000E+04
   -3.2000E+04
   -3.1000E+04
   -3.0000E+04
   -2.9000E+04
   -2.8000E+04
   -2.7000E+04
   -2.6000E+04
   -2.5000E+04
   -2.4000E+04
   -2.3000E+04
   -2.2000E+04
   -2.1000E+04
   -2.0000E+04
   -1.9000E+04
   -1.8250E+04
   -1.7500E+04
   -1.6750E+04
   -1.6250E+04
   -1.5750E+04
   -1.5500E+04
   -1.5250E+04
   -1.5125E+04
   -1.5000E+04
   -1.4875E+04
   -1.4750E+04
   -1.4675E+04
